<?xml version="1.0" encoding="UTF-8" standalone="no"?>
<!DOCTYPE svg PUBLIC "-//W3C//DTD SVG 20010904//EN"
              "http://www.w3.org/TR/2001/REC-SVG-20010904/DTD/svg10.dtd">

<svg xmlns="http://www.w3.org/2000/svg"
     width="328.571mm" height="644.444mm"
     viewBox="0 0 1242 2436">
  <path id="Seleção"
        fill="none" stroke="black" stroke-width="1"
        d="M 372.04,1066.07
           C 377.58,1066.02 387.88,1066.00 393.00,1066.00
             393.00,1066.00 441.88,1066.00 441.88,1066.00
             441.94,1070.09 441.86,1065.51 442.00,1073.00
             442.22,1085.29 441.91,1083.41 441.88,1086.00
             441.88,1086.00 381.00,1086.00 381.00,1086.00
             379.01,1086.00 374.59,1085.91 372.09,1085.91
             372.09,1081.56 372.02,1069.69 372.04,1066.07 Z
           M 453.00,1066.00
           C 453.00,1066.00 468.00,1066.00 468.00,1066.00
             468.00,1066.00 475.00,1066.00 475.00,1066.00
             475.00,1066.00 475.00,1075.00 475.00,1075.00
             475.00,1075.00 475.00,1146.00 475.00,1146.00
             475.00,1146.00 453.00,1146.00 453.00,1146.00
             453.00,1146.00 453.00,1066.00 453.00,1066.00 Z
           M 532.00,1161.00
           C 540.12,1161.00 555.27,1161.89 561.98,1157.30
             569.14,1152.41 570.20,1144.03 562.96,1138.65
             558.24,1135.13 553.58,1135.01 548.00,1135.00
             548.00,1135.00 522.00,1135.00 522.00,1135.00
             519.59,1135.00 514.43,1135.00 510.26,1134.87
             509.91,1131.70 510.00,1128.30 510.00,1126.00
             510.00,1126.00 510.00,1074.00 510.00,1074.00
             510.06,1065.87 511.27,1066.02 519.00,1066.00
             539.79,1065.96 577.10,1061.73 586.29,1086.00
             587.37,1088.86 588.56,1093.96 588.83,1097.00
             589.21,1101.32 587.94,1108.09 586.08,1112.00
             583.10,1118.28 578.39,1120.25 574.00,1125.00
             592.08,1129.48 594.17,1155.06 584.45,1168.00
             575.84,1179.45 559.44,1181.98 546.00,1182.00
             543.06,1182.00 536.61,1181.96 532.04,1181.83
             532.00,1178.78 532.00,1174.99 532.00,1173.00
             532.00,1173.00 532.00,1161.00 532.00,1161.00 Z
           M 600.00,1086.00
           C 600.00,1068.44 599.94,1071.06 600.25,1066.06
             600.25,1066.06 669.00,1066.00 669.00,1066.00
             669.00,1066.00 669.00,1086.00 669.00,1086.00
             669.00,1086.00 600.00,1086.00 600.00,1086.00 Z
           M 532.00,1113.00
           C 538.59,1113.00 553.56,1113.82 559.00,1111.35
             568.70,1106.96 569.29,1094.63 559.98,1089.41
             553.55,1085.81 539.64,1087.00 532.00,1087.00
             532.00,1087.00 532.00,1113.00 532.00,1113.00 Z
           M 396.00,1101.00
           C 396.00,1101.00 418.00,1101.00 418.00,1101.00
             418.00,1101.00 418.00,1163.00 418.00,1163.00
             418.00,1166.48 418.03,1178.50 417.88,1181.91
             415.31,1182.00 411.82,1181.99 410.00,1182.00
             410.00,1182.00 396.03,1181.91 396.03,1181.91
             396.06,1176.12 396.00,1179.64 396.00,1163.00
             396.00,1163.00 396.00,1101.00 396.00,1101.00 Z
           M 624.00,1101.00
           C 624.00,1101.00 645.96,1101.00 645.96,1101.00
             645.96,1101.00 645.96,1112.00 645.96,1112.00
             645.96,1112.00 645.94,1119.00 645.94,1119.00
             645.94,1119.00 646.00,1131.00 646.00,1131.00
             646.00,1131.00 646.00,1162.00 646.00,1162.00
             646.00,1165.58 646.09,1176.27 645.98,1181.91
             642.64,1181.93 638.99,1182.00 637.00,1182.00
             637.00,1182.00 624.00,1182.00 624.00,1182.00
             624.00,1182.00 624.00,1101.00 624.00,1101.00 Z
           M 453.00,1160.00
           C 453.00,1160.00 481.00,1160.00 481.00,1160.00
             481.00,1160.00 516.88,1159.94 516.88,1159.94
             516.97,1164.91 517.02,1161.92 517.00,1173.00
             517.00,1174.99 517.09,1179.52 516.83,1181.65
             513.87,1182.00 510.30,1182.00 508.00,1182.00
             508.00,1182.00 453.09,1182.04 453.09,1182.04
             453.00,1178.96 453.14,1182.49 453.00,1175.00
             453.00,1175.00 453.00,1160.00 453.00,1160.00 Z
           M 646.93,1179.11M 394.41,1182.03" />
</svg>
